const DefaultAva = () => {
    return (
        <svg preserveAspectRatio='none' viewBox='0 0 23 24' fill='none' xmlns='http://www.w3.org/2000/svg'>
            <path
                d='M15.5138 7.63429C15.5864 6.88 15.3928 6.28952 14.933 5.86286C14.4733 5.42857 13.6989 5.21143 12.61 5.21143C11.9163 5.21143 11.3356 5.28762 10.8677 5.44C10.408 5.59238 10.049 5.8019 9.7909 6.06857C9.54085 6.33524 9.38357 6.64381 9.31904 6.99429C9.24644 7.26857 9.25048 7.52 9.33114 7.74857C9.41986 7.96952 9.58522 8.17143 9.8272 8.35429C10.0772 8.53714 10.4039 8.70095 10.8072 8.84571C11.2186 8.99048 11.7066 9.12 12.2712 9.23429L14.2071 9.64571C15.5299 9.92 16.639 10.2819 17.5343 10.7314C18.4377 11.1733 19.1475 11.699 19.6638 12.3086C20.18 12.9181 20.5188 13.6 20.6801 14.3543C20.8495 15.1086 20.8535 15.9314 20.6922 16.8229C20.4179 18.3619 19.7848 19.6648 18.7926 20.7314C17.8005 21.7981 16.5059 22.6095 14.9088 23.1657C13.3117 23.7219 11.4646 24 9.36743 24C7.22186 24 5.39893 23.699 3.89864 23.0971C2.40642 22.4876 1.32557 21.5581 0.656083 20.3086C-0.0053341 19.0514 -0.166655 17.4476 0.172119 15.4971H6.56044C6.46365 16.2133 6.54431 16.8152 6.80243 17.3029C7.06054 17.7905 7.47594 18.16 8.04863 18.4114C8.62132 18.6629 9.33517 18.7886 10.1902 18.7886C10.9161 18.7886 11.5372 18.7048 12.0534 18.5371C12.5697 18.3695 12.977 18.1371 13.2754 17.84C13.5739 17.5429 13.7554 17.2038 13.8199 16.8229C13.8844 16.4724 13.8199 16.16 13.6263 15.8857C13.4327 15.6114 13.0819 15.3638 12.5737 15.1429C12.0655 14.9219 11.3678 14.72 10.4806 14.5371L8.10913 14.0343C6.00389 13.5771 4.41487 12.8229 3.34208 11.7714C2.2693 10.72 1.89019 9.28 2.20477 7.45143C2.46288 5.95809 3.1122 4.65524 4.15272 3.54286C5.20131 2.42286 6.53221 1.55429 8.14542 0.937143C9.7667 0.312381 11.5614 0 13.5295 0C15.5299 0 17.2036 0.31619 18.5506 0.948571C19.9057 1.58095 20.8777 2.46857 21.4665 3.61143C22.0634 4.75429 22.2247 6.09524 21.9505 7.63429H15.5138Z'
                fill='#0D0D0D'
            />
            </svg >
    )
}

export default DefaultAva;